{
 "cells": [
  {
   "cell_type": "code",
   "execution_count": 17,
   "metadata": {},
   "outputs": [],
   "source": [
    "import numpy as np\n",
    "import math\n",
    "\n",
    "eps=1e-6"
   ]
  },
  {
   "cell_type": "code",
   "execution_count": 18,
   "metadata": {},
   "outputs": [],
   "source": [
    "# First question"
   ]
  },
  {
   "cell_type": "code",
   "execution_count": 19,
   "metadata": {},
   "outputs": [],
   "source": [
    "def sdp_solver(C,A,b):\n",
    "    # We're searching for a strictly feasible point\n",
    "    m,n,_ = A.shape\n",
    "    mat3d=np.zeros((1,n,n))\n",
    "    mat3d[0:,:,]=np.identity(n)\n",
    "    new_A = np.concatenate((A,mat3d))\n",
    "    new_b=np.zeros(m+1)\n",
    "    new_b[m]=1\n",
    "    liste = [0 for i in range (m)]+[-min(np.linalg.eigh(C)[0])+1]\n",
    "    mu = barrier_method(C,new_A,new_b,liste,stop=True)[1]\n",
    "    \n",
    "    if mu[m]>=0:\n",
    "        print(\"No feasible point\")\n",
    "        return False\n",
    "    \n",
    "    # If we found it, let's start!\n",
    "    else:\n",
    "        #print(\"We found a strictly feasible point, we start the resolution\",'\\n')\n",
    "        return barrier_method(C,A,b,mu[0:m],stop=False)\n",
    "\n",
    "def F(C, A, mu):\n",
    "    m,n,_ = A.shape\n",
    "    tmp = np.zeros((n,n))\n",
    "    for i in range(m):\n",
    "        tmp += np.dot(mu[i],A[i])\n",
    "    return tmp + C\n",
    "\n",
    "def f_t(t, C, A, b, mu):\n",
    "    F_mu = F(C, A, mu)\n",
    "    if min(np.linalg.eigh(F_mu)[0]) <= 0:\n",
    "        return math.inf\n",
    "    else:\n",
    "        return t * np.array(np.dot(mu,np.transpose(b))) - np.log(np.linalg.det(F_mu))\n",
    "    \n",
    "def nabla_f_t(t, C, A, b, mu):\n",
    "    m,n,_ = A.shape\n",
    "    v = [0 for i in range (m)]\n",
    "    inv_F_mu = np.linalg.inv(F(C, A, mu))\n",
    "    for i in range (m):\n",
    "        v[i] = np.trace(inv_F_mu * A[i, :, :])\n",
    "    return t*np.array(b) - v\n",
    "\n",
    "def nabla2_f_t(t, C, A, b, mu):\n",
    "    m,n,_ = A.shape\n",
    "    h = np.zeros((m,m))\n",
    "    inv_F_mu = np.linalg.inv(F(C, A, mu))\n",
    "    for i in range(m):\n",
    "        for j in range(m):\n",
    "            h[i, j] = np.trace(np.dot(inv_F_mu,np.dot(A[i, :, :],np.dot(inv_F_mu, A[j, :, :]))))\n",
    "    return h\n",
    "\n",
    "def barrier_method(C, A, b, mu_0,stop):\n",
    "    m,n,_ = A.shape\n",
    "    mu = mu_0\n",
    "    gamma = 15\n",
    "    t = 10\n",
    "    while True:\n",
    "        mu = newton(t, C, A, b, mu,stop=stop)\n",
    "        if n / t < eps:\n",
    "            break\n",
    "        if stop and mu[m-1]<0:\n",
    "            break\n",
    "        t = gamma * t\n",
    "    return (1 / t * np.linalg.inv(F(C, A, mu)), mu)\n",
    "\n",
    "\n",
    "def newton(t, C, A, b, x_0,stop):\n",
    "    m,n,_ = A.shape\n",
    "    x = x_0\n",
    "    while True:\n",
    "        nabla_f_t_x = nabla_f_t(t, C, A, b, x)\n",
    "        nabla2_f_t_x = nabla2_f_t(t, C, A, b, x)\n",
    "        inv_nabla2_f_t_x = np.linalg.inv(nabla2_f_t_x)   \n",
    "        delta_x = (- np.dot(nabla_f_t_x,inv_nabla2_f_t_x)).tolist()\n",
    "        if len(delta_x)==1:\n",
    "            delta_x=delta_x[0]\n",
    "        lambda2 = (- np.dot(delta_x,nabla_f_t_x.T))\n",
    "        \n",
    "        if lambda2 / 2 < eps:\n",
    "            break\n",
    "        if stop and x[m-1]<0:\n",
    "            break\n",
    "        fact = line_search(t, C, A, b, x, delta_x)\n",
    "        x += np.dot(fact, delta_x)\n",
    "    return x\n",
    "\n",
    "                     \n",
    "def line_search(t, C, A, b, x, delta_x):\n",
    "    alpha = 0.01\n",
    "    beta = 0.5\n",
    "    fact = 1\n",
    "    nabla_f_t_x = nabla_f_t(t, C, A, b, x)\n",
    "    f_t_x = f_t(t, C, A, b, x)\n",
    "    while f_t(t, C, A, b, x + np.dot(delta_x,fact)) > f_t_x + (alpha * fact * np.dot(delta_x,nabla_f_t_x.T)):\n",
    "        fact = beta * fact\n",
    "    return fact"
   ]
  },
  {
   "cell_type": "code",
   "execution_count": 20,
   "metadata": {},
   "outputs": [],
   "source": [
    "# Generator of random SDP"
   ]
  },
  {
   "cell_type": "code",
   "execution_count": 21,
   "metadata": {},
   "outputs": [],
   "source": [
    "def random_SDP(boule=True):\n",
    "    n,m = np.random.randint(2,10),np.random.randint(2,10)\n",
    "    if boule==False:\n",
    "        m=1\n",
    "    C = np.matrix(np.random.randint(0,100,size=(n,n)))\n",
    "    C = C*C.T\n",
    "    A = np.zeros((m,n,n))\n",
    "    for i in range(m):\n",
    "        TMP = np.random.randint(0,100,size=(n,n))\n",
    "        A[i:,:,] = TMP * TMP.T\n",
    "    b=np.random.randint(0,100,size=(1,m))\n",
    "    return C,A,b"
   ]
  },
  {
   "cell_type": "code",
   "execution_count": 22,
   "metadata": {},
   "outputs": [
    {
     "name": "stdout",
     "output_type": "stream",
     "text": [
      "The general form of a SDP is :\n",
      "Minimize Tr(C*X)\n",
      "s.t. Tr(A_i*X)=b_i, i=1...m\n",
      "     X >= 0 \n",
      " \n",
      "\n",
      "This (random) SDP is such that :\n",
      "C= [[3280 1984]\n",
      " [1984 1709]]\n",
      "A_1...A_m= [[[2704.  552.]\n",
      "  [ 552. 6724.]]\n",
      "\n",
      " [[4761.  252.]\n",
      "  [ 252. 7921.]]\n",
      "\n",
      " [[ 529.    0.]\n",
      "  [   0.  676.]]\n",
      "\n",
      " [[8649.   90.]\n",
      "  [  90. 3136.]]\n",
      "\n",
      " [[3721. 4664.]\n",
      "  [4664. 2209.]]\n",
      "\n",
      " [[7396. 1080.]\n",
      "  [1080. 8100.]]\n",
      "\n",
      " [[3844. 2583.]\n",
      "  [2583. 7396.]]\n",
      "\n",
      " [[9409. 3380.]\n",
      "  [3380.  576.]]\n",
      "\n",
      " [[ 100. 3069.]\n",
      "  [3069.  196.]]]\n",
      "b= [[25 87 90 91 50 79  0 24 93]]\n",
      "And its solution is:\n",
      "\n",
      "8.503112025596655e-07 \n",
      "\n",
      "This (random) SDP is such that :\n",
      "C= [[30859 25244 31449 13754 17833 22953 16636]\n",
      " [25244 40180 39290 16418 22297 23471 27317]\n",
      " [31449 39290 45422 20744 25657 30473 29608]\n",
      " [13754 16418 20744 12165  9473 13805 10768]\n",
      " [17833 22297 25657  9473 22507 21265 24699]\n",
      " [22953 23471 30473 13805 21265 26105 22941]\n",
      " [16636 27317 29608 10768 24699 22941 29299]]\n",
      "A_1...A_m= [[[3.969e+03 2.451e+03 4.898e+03 1.197e+03 2.666e+03 1.562e+03 4.960e+02]\n",
      "  [2.451e+03 2.560e+02 5.124e+03 5.200e+01 4.770e+02 3.807e+03 1.190e+02]\n",
      "  [4.898e+03 5.124e+03 9.216e+03 5.978e+03 1.869e+03 3.913e+03 6.930e+02]\n",
      "  [1.197e+03 5.200e+01 5.978e+03 6.724e+03 4.950e+03 1.952e+03 4.361e+03]\n",
      "  [2.666e+03 4.770e+02 1.869e+03 4.950e+03 7.396e+03 4.615e+03 3.910e+02]\n",
      "  [1.562e+03 3.807e+03 3.913e+03 1.952e+03 4.615e+03 2.500e+03 3.108e+03]\n",
      "  [4.960e+02 1.190e+02 6.930e+02 4.361e+03 3.910e+02 3.108e+03 3.136e+03]]\n",
      "\n",
      " [[1.690e+02 1.680e+02 2.080e+03 4.680e+02 8.000e+00 2.170e+02 5.796e+03]\n",
      "  [1.680e+02 3.249e+03 9.900e+02 1.700e+02 5.510e+02 2.970e+03 6.776e+03]\n",
      "  [2.080e+03 9.900e+02 2.560e+02 6.438e+03 1.000e+03 2.800e+02 1.953e+03]\n",
      "  [4.680e+02 1.700e+02 6.438e+03 6.561e+03 7.020e+02 5.609e+03 8.811e+03]\n",
      "  [8.000e+00 5.510e+02 1.000e+03 7.020e+02 6.561e+03 2.132e+03 5.246e+03]\n",
      "  [2.170e+02 2.970e+03 2.800e+02 5.609e+03 2.132e+03 2.560e+02 2.650e+03]\n",
      "  [5.796e+03 6.776e+03 1.953e+03 8.811e+03 5.246e+03 2.650e+03 3.844e+03]]\n",
      "\n",
      " [[5.476e+03 3.772e+03 4.450e+03 1.025e+03 2.880e+02 1.200e+02 2.774e+03]\n",
      "  [3.772e+03 8.100e+01 1.428e+03 1.008e+03 7.500e+02 0.000e+00 9.500e+01]\n",
      "  [4.450e+03 1.428e+03 3.025e+03 1.120e+02 5.952e+03 9.408e+03 7.144e+03]\n",
      "  [1.025e+03 1.008e+03 1.120e+02 1.960e+02 1.001e+03 7.371e+03 1.768e+03]\n",
      "  [2.880e+02 7.500e+02 5.952e+03 1.001e+03 5.760e+02 5.612e+03 1.547e+03]\n",
      "  [1.200e+02 0.000e+00 9.408e+03 7.371e+03 5.612e+03 1.089e+03 6.630e+03]\n",
      "  [2.774e+03 9.500e+01 7.144e+03 1.768e+03 1.547e+03 6.630e+03 1.960e+02]]\n",
      "\n",
      " [[9.000e+02 0.000e+00 3.255e+03 8.360e+02 1.848e+03 4.485e+03 4.674e+03]\n",
      "  [0.000e+00 6.724e+03 5.890e+03 4.368e+03 1.935e+03 2.958e+03 5.694e+03]\n",
      "  [3.255e+03 5.890e+03 5.041e+03 6.674e+03 3.280e+03 2.145e+03 4.350e+03]\n",
      "  [8.360e+02 4.368e+03 6.674e+03 8.410e+02 3.626e+03 2.014e+03 3.132e+03]\n",
      "  [1.848e+03 1.935e+03 3.280e+03 3.626e+03 2.500e+01 2.928e+03 1.530e+03]\n",
      "  [4.485e+03 2.958e+03 2.145e+03 2.014e+03 2.928e+03 2.401e+03 7.052e+03]\n",
      "  [4.674e+03 5.694e+03 4.350e+03 3.132e+03 1.530e+03 7.052e+03 1.210e+02]]\n",
      "\n",
      " [[1.936e+03 2.256e+03 9.840e+02 5.220e+02 8.554e+03 1.056e+03 6.960e+02]\n",
      "  [2.256e+03 3.610e+02 4.830e+03 1.125e+03 8.004e+03 1.536e+03 1.890e+02]\n",
      "  [9.840e+02 4.830e+03 8.464e+03 4.720e+02 4.171e+03 3.960e+03 3.174e+03]\n",
      "  [5.220e+02 1.125e+03 4.720e+02 8.836e+03 3.100e+02 2.470e+02 5.000e+02]\n",
      "  [8.554e+03 8.004e+03 4.171e+03 3.100e+02 1.681e+03 1.328e+03 6.480e+02]\n",
      "  [1.056e+03 1.536e+03 3.960e+03 2.470e+02 1.328e+03 5.184e+03 0.000e+00]\n",
      "  [6.960e+02 1.890e+02 3.174e+03 5.000e+02 6.480e+02 0.000e+00 4.761e+03]]]\n",
      "b= [[27 64  1 33 71]]\n",
      "And its solution is:\n",
      "\n",
      "103.64325650447768 \n",
      "\n",
      "This (random) SDP is such that :\n",
      "C= [[ 6821  2789  8002]\n",
      " [ 2789  2006  4987]\n",
      " [ 8002  4987 17234]]\n",
      "A_1...A_m= [[[ 441. 6460. 1850.]\n",
      "  [6460.  196. 5720.]\n",
      "  [1850. 5720. 3025.]]\n",
      "\n",
      " [[ 441. 2632. 2970.]\n",
      "  [2632. 9409.  140.]\n",
      "  [2970.  140. 9801.]]\n",
      "\n",
      " [[ 121.  460.  244.]\n",
      "  [ 460.  289.   56.]\n",
      "  [ 244.   56.  121.]]\n",
      "\n",
      " [[2116.   76.  160.]\n",
      "  [  76.   25. 2291.]\n",
      "  [ 160. 2291. 6724.]]\n",
      "\n",
      " [[8464.  676. 1406.]\n",
      "  [ 676. 6889. 4806.]\n",
      "  [1406. 4806. 1024.]]]\n",
      "b= [[ 9 52 69 92 45]]\n",
      "And its solution is:\n",
      "\n",
      "11.650463652049185 \n",
      "\n",
      "This (random) SDP is such that :\n",
      "C= [[17388 12022 15804 16657 13329 10936 18401]\n",
      " [12022 31391 23382 28845 17303 28902 24962]\n",
      " [15804 23382 30972 25453 18157 23080 25365]\n",
      " [16657 28845 25453 30009 18540 26162 26673]\n",
      " [13329 17303 18157 18540 19265 20555 20220]\n",
      " [10936 28902 23080 26162 20555 31024 25561]\n",
      " [18401 24962 25365 26673 20220 25561 28534]]\n",
      "A_1...A_m= [[[2.500e+03 3.844e+03 3.780e+03 1.560e+02 2.009e+03 4.158e+03 2.030e+03]\n",
      "  [3.844e+03 2.704e+03 1.271e+03 5.310e+02 7.950e+02 1.620e+03 1.992e+03]\n",
      "  [3.780e+03 1.271e+03 8.281e+03 4.140e+03 3.381e+03 2.856e+03 2.924e+03]\n",
      "  [1.560e+02 5.310e+02 4.140e+03 1.600e+01 2.322e+03 6.600e+03 3.740e+03]\n",
      "  [2.009e+03 7.950e+02 3.381e+03 2.322e+03 4.225e+03 7.565e+03 6.840e+03]\n",
      "  [4.158e+03 1.620e+03 2.856e+03 6.600e+03 7.565e+03 8.649e+03 2.891e+03]\n",
      "  [2.030e+03 1.992e+03 2.924e+03 3.740e+03 6.840e+03 2.891e+03 3.721e+03]]\n",
      "\n",
      " [[2.601e+03 4.230e+03 2.632e+03 9.000e+01 1.632e+03 5.670e+03 4.992e+03]\n",
      "  [4.230e+03 2.500e+01 1.541e+03 2.415e+03 1.708e+03 7.392e+03 4.500e+01]\n",
      "  [2.632e+03 1.541e+03 2.704e+03 2.072e+03 3.408e+03 3.680e+03 1.248e+03]\n",
      "  [9.000e+01 2.415e+03 2.072e+03 7.290e+02 5.551e+03 1.127e+03 6.840e+02]\n",
      "  [1.632e+03 1.708e+03 3.408e+03 5.551e+03 3.481e+03 1.598e+03 8.540e+02]\n",
      "  [5.670e+03 7.392e+03 3.680e+03 1.127e+03 1.598e+03 5.290e+02 2.176e+03]\n",
      "  [4.992e+03 4.500e+01 1.248e+03 6.840e+02 8.540e+02 2.176e+03 7.056e+03]]\n",
      "\n",
      " [[1.690e+02 1.155e+03 2.250e+03 2.816e+03 1.012e+03 3.600e+02 4.275e+03]\n",
      "  [1.155e+03 6.760e+02 4.000e+02 7.650e+02 4.482e+03 7.000e+01 3.731e+03]\n",
      "  [2.250e+03 4.000e+02 4.096e+03 1.104e+03 1.340e+03 5.888e+03 8.800e+01]\n",
      "  [2.816e+03 7.650e+02 1.104e+03 7.396e+03 5.740e+02 2.394e+03 8.360e+02]\n",
      "  [1.012e+03 4.482e+03 1.340e+03 5.740e+02 4.489e+03 5.460e+02 1.320e+03]\n",
      "  [3.600e+02 7.000e+01 5.888e+03 2.394e+03 5.460e+02 1.000e+00 2.635e+03]\n",
      "  [4.275e+03 3.731e+03 8.800e+01 8.360e+02 1.320e+03 2.635e+03 4.624e+03]]\n",
      "\n",
      " [[2.025e+03 3.268e+03 2.350e+03 1.344e+03 7.110e+03 6.952e+03 5.148e+03]\n",
      "  [3.268e+03 2.025e+03 1.809e+03 5.044e+03 6.664e+03 2.604e+03 5.850e+02]\n",
      "  [2.350e+03 1.809e+03 5.929e+03 1.825e+03 5.390e+03 3.840e+03 7.350e+03]\n",
      "  [1.344e+03 5.044e+03 1.825e+03 1.444e+03 6.630e+02 1.176e+03 6.400e+02]\n",
      "  [7.110e+03 6.664e+03 5.390e+03 6.630e+02 5.041e+03 2.800e+03 1.485e+03]\n",
      "  [6.952e+03 2.604e+03 3.840e+03 1.176e+03 2.800e+03 9.000e+00 4.692e+03]\n",
      "  [5.148e+03 5.850e+02 7.350e+03 6.400e+02 1.485e+03 4.692e+03 2.025e+03]]\n",
      "\n",
      " [[7.290e+02 3.990e+02 1.540e+03 2.574e+03 2.508e+03 2.716e+03 1.566e+03]\n",
      "  [3.990e+02 5.760e+02 9.600e+01 6.960e+02 7.189e+03 4.465e+03 1.040e+03]\n",
      "  [1.540e+03 9.600e+01 9.000e+02 3.180e+02 6.708e+03 3.135e+03 7.400e+01]\n",
      "  [2.574e+03 6.960e+02 3.180e+02 1.960e+02 2.460e+03 1.155e+03 1.180e+02]\n",
      "  [2.508e+03 7.189e+03 6.708e+03 2.460e+03 7.225e+03 5.980e+02 1.920e+03]\n",
      "  [2.716e+03 4.465e+03 3.135e+03 1.155e+03 5.980e+02 2.025e+03 1.900e+02]\n",
      "  [1.566e+03 1.040e+03 7.400e+01 1.180e+02 1.920e+03 1.900e+02 5.329e+03]]\n",
      "\n",
      " [[1.960e+02 7.912e+03 7.372e+03 3.720e+02 3.010e+03 4.836e+03 3.000e+03]\n",
      "  [7.912e+03 4.489e+03 1.920e+03 9.025e+03 4.536e+03 2.128e+03 1.848e+03]\n",
      "  [7.372e+03 1.920e+03 4.225e+03 1.095e+03 5.265e+03 6.820e+02 8.910e+03]\n",
      "  [3.720e+02 9.025e+03 1.095e+03 1.000e+00 2.436e+03 7.395e+03 6.440e+02]\n",
      "  [3.010e+03 4.536e+03 5.265e+03 2.436e+03 4.225e+03 8.200e+02 5.369e+03]\n",
      "  [4.836e+03 2.128e+03 6.820e+02 7.395e+03 8.200e+02 4.624e+03 6.000e+02]\n",
      "  [3.000e+03 1.848e+03 8.910e+03 6.440e+02 5.369e+03 6.000e+02 6.400e+01]]\n",
      "\n",
      " [[9.801e+03 3.724e+03 4.500e+02 9.690e+02 7.840e+02 4.620e+03 4.060e+02]\n",
      "  [3.724e+03 3.844e+03 7.500e+02 2.950e+03 2.880e+03 2.736e+03 2.720e+02]\n",
      "  [4.500e+02 7.500e+02 3.240e+02 5.320e+02 2.090e+03 2.349e+03 7.568e+03]\n",
      "  [9.690e+02 2.950e+03 5.320e+02 6.084e+03 1.620e+02 1.953e+03 7.452e+03]\n",
      "  [7.840e+02 2.880e+03 2.090e+03 1.620e+02 4.900e+01 1.628e+03 3.420e+03]\n",
      "  [4.620e+03 2.736e+03 2.349e+03 1.953e+03 1.628e+03 6.400e+03 2.124e+03]\n",
      "  [4.060e+02 2.720e+02 7.568e+03 7.452e+03 3.420e+03 2.124e+03 7.396e+03]]]\n",
      "b= [[91 24  1 40 68 17 86]]\n",
      "And its solution is:\n",
      "\n",
      "113.79434726226839 \n",
      "\n"
     ]
    }
   ],
   "source": [
    "#turn \"Test\" to \"True\" to test it on random samples\n",
    "test = True\n",
    "\n",
    "if test:\n",
    "    print(\"The general form of a SDP is :\")\n",
    "    print(\"Minimize Tr(C*X)\")\n",
    "    print(\"s.t. Tr(A_i*X)=b_i, i=1...m\")\n",
    "    print(\"     X >= 0 \\n \\n\")\n",
    "    for i in range(4):\n",
    "        C,A,b=random_SDP()\n",
    "        print(\"This (random) SDP is such that :\")\n",
    "        print(\"C=\",C)\n",
    "        print(\"A_1...A_m=\",A)\n",
    "        print(\"b=\",b)\n",
    "        (x, mu) = sdp_solver(C, A, b)\n",
    "        x=np.matrix(x)\n",
    "        print(\"And its solution is:\\n\")\n",
    "        print(np.trace(C * x),'\\n')"
   ]
  },
  {
   "cell_type": "code",
   "execution_count": 23,
   "metadata": {},
   "outputs": [],
   "source": [
    "# Second question"
   ]
  },
  {
   "cell_type": "code",
   "execution_count": 24,
   "metadata": {},
   "outputs": [],
   "source": [
    "def one_constraint(C, A, M):\n",
    "    n,_ = M.shape\n",
    "    val_propres = np.linalg.eigh(M)[0]\n",
    "    rang = 0\n",
    "    for i in range(n):\n",
    "        if val_propres[i] > eps:\n",
    "            rang = rang + 1\n",
    "    if rang == 0:\n",
    "        return np.zeros(n)\n",
    "    elif rang == 1:\n",
    "        tmp = np.linalg.eigh(M)\n",
    "        val = tmp[0][0]\n",
    "        v = np.sqrt(val) * tmp[1][:, 0]\n",
    "        return v\n",
    "    elif rang == 2:\n",
    "        tmp = np.linalg.eig(M)\n",
    "        k1 = np.concatenate((np.array(tmp[1][:, 0 : 2]), np.zeros((n, n - 2))),axis=1)\n",
    "        k21 = [ [np.sqrt(tmp[0][0]),0],[0,np.sqrt(tmp[0][1])] ]\n",
    "        k21 = np.concatenate((k21,np.zeros((n-2,2))))\n",
    "        V = np.dot(k1,k21)\n",
    "        (lamb, P) = np.linalg.eigh(V.T * C * V)\n",
    "        V = np.dot(V, P)\n",
    "        s_g = V.T * A * V\n",
    "        sig = [s_g[0, 0], s_g[1, 1]]\n",
    "        gamma = s_g[0, 1]\n",
    "        mat = [lamb.T, np.transpose(sig)]\n",
    "        if -eps < np.linalg.det(mat) < eps:\n",
    "            w = [sum(lamb), sum(sig)]\n",
    "            if w[0] * lamb[0] > 0:\n",
    "                alpha = np.sqrt(w[0] / lamb[0])\n",
    "                return alpha * V[:, 0]\n",
    "            else:\n",
    "                beta = np.sqrt(w[1] / lamb[1])\n",
    "                return beta * V[:, 1]\n",
    "        else:\n",
    "            z = np.linalg.inv(mat) * [0, gamma]\n",
    "            delta = 4 * (z[1] - z[0])^2 + 4\n",
    "            roots = [ (-2*(z[1]-z[0])+np.sqrt(delta))/2, (-2*(z[1]-z[0])-np.sqrt(delta))/2 ]\n",
    "            t = 0\n",
    "            if 1 + 2 * roots[0] * z[0] > 0:\n",
    "                t = roots[0]\n",
    "            else:\n",
    "                t = roots[1]\n",
    "            alpha = 1 / np.sqrt(1 + 2 * t * z[0])\n",
    "            beta = t * alpha\n",
    "            return alpha * V[:,0] + beta*V[:, 1]\n",
    "    else: # rank > 2\n",
    "        tmp = np.linalg.eig(M) #random eigenvector of M\n",
    "        val = tmp[0][0]\n",
    "        print(val,\"\\n\")\n",
    "        v = np.sqrt(val) * tmp[1][:, 0]\n",
    "        new_v = one_constraint(C, A, M - v * v.T)\n",
    "        return one_constraint(C, A, np.dot(v,v.T) + np.dot(new_v,new_v.T))\n"
   ]
  },
  {
   "cell_type": "code",
   "execution_count": 26,
   "metadata": {},
   "outputs": [
    {
     "name": "stdout",
     "output_type": "stream",
     "text": [
      "The general form of a SDP is :\n",
      "Minimize Tr(C*X)\n",
      "s.t. Tr(A_i*X)=b_i, i=1...m\n",
      "     X >= 0 \n",
      " \n",
      "\n",
      "This (random) SDP is such that :\n",
      "C= [[18420  8656 14943  8831 14603 11318]\n",
      " [ 8656  9014  6608  5734  8295  6413]\n",
      " [14943  6608 13449  8946 13205 10981]\n",
      " [ 8831  5734  8946  9904 11122 10491]\n",
      " [14603  8295 13205 11122 16859 14814]\n",
      " [11318  6413 10981 10491 14814 15674]]\n",
      "A_1...A_m= [[[  49.  864. 5056.  456. 2775. 2842.]\n",
      "  [ 864.  441.  344. 3237. 5740. 2352.]\n",
      "  [5056.  344. 7744. 7905. 1708. 4489.]\n",
      "  [ 456. 3237. 7905. 1225. 9021.  688.]\n",
      "  [2775. 5740. 1708. 9021. 7569. 1806.]\n",
      "  [2842. 2352. 4489.  688. 1806. 1089.]]]\n",
      "b= [[21]]\n",
      "And its solution is:\n",
      "\n",
      "3.071475324609905 \n",
      "\n",
      "And the solution under the form x^T*x is\n",
      "1.3735443107478565e-07\n",
      "\n",
      "\n",
      "This (random) SDP is such that :\n",
      "C= [[17759 14593 14020 18309 20073 11661 21822 20472]\n",
      " [14593 14883 17470 19712 17638 11811 19399 18826]\n",
      " [14020 17470 32407 28418 19143 21484 23705 24440]\n",
      " [18309 19712 28418 32156 24064 19575 30513 26012]\n",
      " [20073 17638 19143 24064 25207 16157 27790 23580]\n",
      " [11661 11811 21484 19575 16157 20333 21306 21386]\n",
      " [21822 19399 23705 30513 27790 21306 36788 27731]\n",
      " [20472 18826 24440 26012 23580 21386 27731 31377]]\n",
      "A_1...A_m= [[[2.025e+03 3.570e+03 3.160e+03 8.352e+03 1.750e+03 9.000e+01 9.020e+02\n",
      "   3.600e+01]\n",
      "  [3.570e+03 1.681e+03 5.250e+03 4.095e+03 9.940e+02 1.534e+03 6.318e+03\n",
      "   4.080e+03]\n",
      "  [3.160e+03 5.250e+03 9.801e+03 2.679e+03 8.700e+02 2.730e+03 1.000e+03\n",
      "   2.772e+03]\n",
      "  [8.352e+03 4.095e+03 2.679e+03 9.025e+03 3.536e+03 6.480e+02 0.000e+00\n",
      "   2.923e+03]\n",
      "  [1.750e+03 9.940e+02 8.700e+02 3.536e+03 1.000e+00 1.652e+03 6.860e+02\n",
      "   2.793e+03]\n",
      "  [9.000e+01 1.534e+03 2.730e+03 6.480e+02 1.652e+03 4.900e+03 1.530e+03\n",
      "   4.081e+03]\n",
      "  [9.020e+02 6.318e+03 1.000e+03 0.000e+00 6.860e+02 1.530e+03 9.216e+03\n",
      "   2.480e+03]\n",
      "  [3.600e+01 4.080e+03 2.772e+03 2.923e+03 2.793e+03 4.081e+03 2.480e+03\n",
      "   2.116e+03]]]\n",
      "b= [[63]]\n",
      "And its solution is:\n",
      "\n",
      "1.02951833567775 \n",
      "\n",
      "And the solution under the form x^T*x is\n",
      "8.79737039132151e-09\n",
      "\n",
      "\n",
      "This (random) SDP is such that :\n",
      "C= [[10042  8775  4353]\n",
      " [ 8775  7938  3924]\n",
      " [ 4353  3924  1945]]\n",
      "A_1...A_m= [[[3481.  696. 4032.]\n",
      "  [ 696.  784. 1440.]\n",
      "  [4032. 1440. 1225.]]]\n",
      "b= [[69]]\n",
      "And its solution is:\n",
      "\n",
      "1.4727892989857627 \n",
      "\n",
      "And the solution under the form x^T*x is\n",
      "1.3242355085174198e-07\n",
      "\n",
      "\n",
      "This (random) SDP is such that :\n",
      "C= [[36704 24731 24087 25720 13165 19266 29276 35659 20003]\n",
      " [24731 29156 20318 21472 15256 19232 26027 30043 14033]\n",
      " [24087 20318 24484 20316 16917 16955 27569 28681 12888]\n",
      " [25720 21472 20316 29083 14372 20699 25106 32289 21018]\n",
      " [13165 15256 16917 14372 15021 11934 18015 18084  6843]\n",
      " [19266 19232 16955 20699 11934 20747 20963 24301 15148]\n",
      " [29276 26027 27569 25106 18015 20963 38106 40929 17399]\n",
      " [35659 30043 28681 32289 18084 24301 40929 49625 24915]\n",
      " [20003 14033 12888 21018  6843 15148 17399 24915 18001]]\n",
      "A_1...A_m= [[[   9.    0. 2490. 5580.    0.  726. 6230. 7584.  165.]\n",
      "  [   0. 2809. 1764. 6256.  792. 3264. 4611.  483. 1106.]\n",
      "  [2490. 1764. 6561. 3000. 2275. 1638. 1204.  328. 5980.]\n",
      "  [5580. 6256. 3000. 1849. 4984. 3723. 6396.  528.  912.]\n",
      "  [   0.  792. 2275. 4984. 3721. 1034. 1710. 4004.  667.]\n",
      "  [ 726. 3264. 1638. 3723. 1034.   49. 1170. 4140. 6966.]\n",
      "  [6230. 4611. 1204. 6396. 1710. 1170. 4356. 7280. 6643.]\n",
      "  [7584.  483.  328.  528. 4004. 4140. 7280.  625.    0.]\n",
      "  [ 165. 1106. 5980.  912.  667. 6966. 6643.    0.  625.]]]\n",
      "b= [[63]]\n",
      "And its solution is:\n",
      "\n",
      "7.57101685051493 \n",
      "\n",
      "And the solution under the form x^T*x is\n",
      "8.910376026475824e-09\n",
      "\n",
      "\n"
     ]
    }
   ],
   "source": [
    "test_one_constraint=True\n",
    "\n",
    "if test_one_constraint:\n",
    "    print(\"The general form of a SDP is :\")\n",
    "    print(\"Minimize Tr(C*X)\")\n",
    "    print(\"s.t. Tr(A_i*X)=b_i, i=1...m\")\n",
    "    print(\"     X >= 0 \\n \\n\")\n",
    "    for i in range(4):\n",
    "        C,A,b=random_SDP(boule=False)\n",
    "        print(\"This (random) SDP is such that :\")\n",
    "        print(\"C=\",C)\n",
    "        print(\"A_1...A_m=\",A)\n",
    "        print(\"b=\",b)\n",
    "        (x, mu) = sdp_solver(C, A, b)\n",
    "        x=np.matrix(x)\n",
    "        print(\"And its solution is:\\n\")\n",
    "        print(np.trace(C * x),'\\n')\n",
    "        v = one_constraint(C, A[0, :, :], x)\n",
    "        v=np.matrix(v)\n",
    "        print(\"And the solution under the form x^T*x is\")\n",
    "        print(np.trace(C * v * v.T))\n",
    "        print(\"\\n\")"
   ]
  },
  {
   "cell_type": "code",
   "execution_count": null,
   "metadata": {},
   "outputs": [],
   "source": []
  }
 ],
 "metadata": {
  "kernelspec": {
   "display_name": "Python 3",
   "language": "python",
   "name": "python3"
  },
  "language_info": {
   "codemirror_mode": {
    "name": "ipython",
    "version": 3
   },
   "file_extension": ".py",
   "mimetype": "text/x-python",
   "name": "python",
   "nbconvert_exporter": "python",
   "pygments_lexer": "ipython3",
   "version": "3.7.1"
  }
 },
 "nbformat": 4,
 "nbformat_minor": 2
}
